kValid, 0, 0, 0, 1, 1, 1, 1, 2, -102, 0, -128, 0, 0, -128, 127, 1, 49, 20,   1, 300, 3, 3,   1, 1, 45, 18, 300,
kValid, 0, 0, 0, 1, 1, 1, 1, 1,  128, 0, -128, 0, 0, -128, 127, 1, 43, 16, 300, 300, 1, 1, 300, 1, 43, 16, 300,
kValid, 0, 0, 0, 1, 1, 1, 1, 1,  128, 0, -128, 0, 0, -128, 127, 1, 39, 12, 300, 300, 1, 1, 300, 1, 39, 12, 300,
kValid, 0, 0, 0, 1, 1, 1, 1, 1,  128, 0, -128, 0, 0, -128, 127, 1, 30, 10, 300, 300, 1, 1, 300, 1, 30, 10, 300,
kValid, 0, 0, 0, 1, 1, 1, 1, 1,  128, 0, -128, 0, 0, -128, 127, 1, 22,  6, 300, 300, 1, 1, 300, 1, 22,  6, 300,
kValid, 0, 0, 0, 1, 1, 1, 1, 1,  128, 0, -128, 0, 0, -128, 127, 1, 13,  4, 300, 300, 1, 1, 300, 1, 13,  4, 300,
     1, 2, 3, 4, 5, 6, 7, 8, 9,   10,11,   12,13,14,   15,  16,17, 18, 19,  20,  21,22,23,  24,25, 26  27,  28,
kValid, 0, 0, 0, 1, 1, 1, 1, 2, -102, 0, -128, 0, 0, -128, 127, 1, 49, 20,   1, 300, 3, 3,   1, 1, 45, 18, 300,
kValid, 0, 0, 0, 1, 1, 1, 1, 1,  128, 0, -128, 0, 0, -128, 127, 1, 43, 16, 300, 300, 1, 1, 300, 1, 43, 16, 300,
kValid, 0, 0, 0, 1, 1, 1, 1, 1,  128, 0, -128, 0, 0, -128, 127, 1, 39, 12, 300, 300, 1, 1, 300, 1, 39, 12, 300,
kValid, 0, 0, 0, 1, 1, 1, 1, 1,  128, 0, -128, 0, 0, -128, 127, 1, 30, 10, 300, 300, 1, 1, 300, 1, 30, 10, 300,
kValid, 0, 0, 0, 1, 1, 1, 1, 1,  128, 0, -128, 0, 0, -128, 127, 1, 22,  6, 300, 300, 1, 1, 300, 1, 22,  6, 300,
kValid, 0, 0, 0, 1, 1, 1, 1, 1,  128, 0, -128, 0, 0, -128, 127, 1, 13,  4, 300, 300, 1, 1, 300, 1, 13,  4, 300,


65676865
fffff80a
67686564
ffffffe1
68656465
ffffffec

65
ffffff81
67
0000002b
68
fffffff8
6e
0000000a